14.488753, -14.009598, 1.800933
26.625627, -7.840328, 1.390448
47.750209, 20.351829, 2.104398
-24.805743, -18.745249, 1.838441
19.464331, 0.776746, 1.855487
-24.621636, -21.255702, 0.013381
3.760668, -7.078911, 2.317212
-12.430930, 23.779723, 0.823541
3.174275, -20.291132, 2.314283
-0.685178, 5.095748, 2.794131
6.577009, -1.061052, 1.823005
41.403632, 16.326940, 2.408333
-1.741470, -1.622378, 0.245283
5.965043, 11.720993, 1.846468
47.379531, -13.535876, 2.596518
1.321272, -24.771553, 0.333216
-30.346471, 9.923092, 1.813507
-16.535383, -10.735972, 2.353785
14.165976, 0.186200, 0.877195
41.344923, -19.317388, 1.165732
47.533428, -27.195340, 2.407220
43.788929, -8.066563, 1.558206
-12.319948, -17.125554, 0.348799
30.136477, -17.548683, 2.192168
19.190867, 15.171646, 1.083443
38.323637, 2.377443, 1.660713
-21.708898, 7.402391, 0.681332
-48.955675, 20.603865, 0.889072
15.926770, 5.411400, 2.207109
-11.405845, 9.899493, 0.125128
-11.886135, 7.757738, 0.050060
33.678485, 7.458353, 3.189512
32.109600, 9.084788, 0.300310
30.334368, 14.972305, 2.261561
20.528884, 12.316584, 1.852141
20.022818, -28.390247, 1.644594
3.855221, 23.201479, 0.714945
-42.601708, 28.627889, 1.634946
-47.489728, 1.216896, 0.810782
32.343471, -23.079797, 0.381195
-15.674036, -14.871121, 2.398352
36.562199, -24.786216, 2.122907
3.999665, -10.408227, 0.178115
-12.500697, 4.283320, 1.910039
12.076083, 2.749160, 0.409427
-7.512463, 28.430900, 1.037848
-10.202025, 4.266007, 0.681352
-5.729392, 8.365648, 0.966687
-24.809868, -29.278600, 1.323417
35.621312, -27.320685, 1.935793
-45.739220, -12.730658, 2.472117
3.766074, 13.781479, 0.591118
23.078852, -12.937405, 0.539050
-47.816259, -3.286993, 0.202776
8.478885, 28.379889, 2.220282
-18.663813, -4.322835, 1.619975
38.027552, -22.820508, 3.176077
-43.423582, 13.217784, 0.976622
39.993794, -0.394705, 0.342586
-19.397451, 6.672293, 1.128193
-27.968507, 17.082753, 0.079267
-28.404622, 21.528924, 1.408009
-11.087111, -31.157535, 0.557153
-20.724531, -13.561609, 1.137645
42.118098, 13.205803, 1.314811
-37.039380, -24.231639, 0.665790
-0.924306, 7.521656, 1.436968
28.407872, 15.468992, 0.050343
-42.690609, 23.307521, 0.716160
-39.238387, 13.315828, 1.524959
44.329475, 20.005808, 1.920150
-19.428848, 14.812261, 1.644652
-35.614315, 27.162620, 2.766987
33.788531, 29.392028, 1.078827
-43.825954, 10.188910, 2.605024
6.231053, -11.179122, 1.896988
-1.393255, 12.363677, 1.033329
-8.066050, -4.707380, 1.754317
-33.315868, -2.715129, 2.999828
-45.331259, 24.432215, 1.037224
-12.517083, 6.937161, 2.165628
28.670809, 8.515059, 2.254511
-39.705138, 17.820037, 1.077766
-22.778704, 1.860211, 3.382669
-13.943388, 19.287991, 2.206651
4.965684, 7.985219, 2.244394
-31.793559, 15.818844, 2.123445
44.516027, -0.517541, 2.777811
-20.073061, -3.987631, 2.619100
12.672264, 21.843236, 2.256276
30.894743, 31.364393, 0.834580
-28.956341, 27.408584, 1.523290
17.983556, -17.261068, 1.151419
-31.709652, 9.952083, 2.433084
17.254886, 22.592002, 0.085521
26.446761, -7.564202, 1.369683
-6.418364, 13.051084, 1.664899
46.383158, 16.067044, 1.508745
-44.818219, -3.374930, 0.427868
-46.277353, 21.967643, 1.296595
6.795492, 15.912326, 2.212102
-3.977356, 25.058848, 2.462311
-8.142370, -20.335351, 0.913891
-32.017261, -24.416447, 2.482590
43.889176, -15.370180, 1.550657
21.013763, -13.272753, 0.949283
-16.854275, 10.282219, 1.033227
23.592197, 26.349694, 1.622078
-22.446332, 26.160604, 0.695010
27.876855, 25.638537, 0.369706
-36.043602, 21.265124, 0.288757
4.086647, -24.700744, 0.558186
14.594711, -3.044557, 1.068299
15.069553, -9.384847, 1.596386
-6.752442, 8.734971, 1.158097
39.312852, -3.741592, 0.822937
27.639670, -2.946178, 0.227179
-4.388033, -20.782281, 0.714047
39.998450, 27.067292, 2.223521
-41.640166, -9.590144, 0.456298
-33.933745, -1.826450, 2.019683
-29.952514, -30.054135, 2.051810
21.457709, -20.815460, 2.579973
-3.363939, -27.998362, 1.829727
45.294412, 23.767238, 1.572560
-16.884146, -15.907642, 0.080671
-14.808952, -20.768170, 1.319379
-10.118630, -22.051059, 0.303181
14.635887, 20.814268, 2.500292
27.968246, 24.832863, 1.920720
-26.739268, -16.883416, 1.411803
41.171145, 24.604845, 0.944740
8.999703, 26.950507, 0.807663
34.674639, 4.856963, 1.468114
42.677052, 21.370697, 1.303586
36.129207, 3.157902, 1.328089
11.235118, 4.589957, 0.925818
8.347001, -14.908340, 2.599456
12.239971, 12.798756, 1.812003
27.378137, -28.775956, 1.948037
-38.364560, 30.271792, 0.701776
-23.053394, -30.565191, 1.543039
-19.258097, -6.150441, 0.010748
39.880758, 25.268324, 2.996701
34.827677, -5.503243, 2.887057
-10.361140, 8.333056, 1.380843
-16.027817, -22.883967, 2.498011
-31.112396, 6.532794, 1.824788
16.365369, -7.508254, 0.728555
44.692547, 15.578766, 1.962679
18.175177, 12.087815, 1.260202
7.997073, -0.695286, 0.399666
-43.469566, -17.013986, 2.400905
-11.781951, 2.564943, 1.524271
-43.561042, -0.756714, 2.928510
-3.983283, 1.635956, 0.634212
-10.455275, 1.339992, 0.521607
1.572439, 18.147742, 0.335317
-8.131555, 14.070318, 1.274827
-16.112666, -12.466223, 0.945775
5.239978, -4.126972, 0.272506
-45.435918, 7.271353, 1.048232
43.644516, 28.183988, 0.328326
28.036401, -18.658427, 2.219310
-42.825701, 30.387290, 1.247447
39.379934, 3.808908, 1.791998
-9.586866, 12.602463, 0.508803
-14.803290, -19.722455, 0.879958
35.538972, 31.007999, 0.388747
48.862793, -7.996923, 0.618005
19.927156, -0.146020, 1.442682
30.063754, 19.893979, 0.160044
36.798191, -23.342322, 0.757276
-14.620992, -23.627871, 1.408775
38.836252, 26.877937, 2.693597
-28.847457, -11.197727, 4.066316
-7.745687, 0.524383, 0.422936
-5.420743, -22.712523, 1.654620
-26.049609, -1.038064, 0.783754
-23.777211, -19.129592, 2.814738
-14.697221, 4.865351, 1.142244
15.474263, -17.829209, 3.127521
-24.434232, -25.860422, 1.528546
-10.636994, -5.482257, 0.006256
-30.316363, -19.713005, 2.418801
45.034321, 30.796331, 1.660133
37.831093, -27.703317, 0.591458
-41.395602, -18.655562, 3.488609
18.490565, -7.239429, 0.852396
47.624855, -23.614292, 1.739945
14.154668, -28.662066, 0.884974
-19.957463, -1.099865, 1.800486
0.646843, -0.732530, 1.734310
1.556249, -6.018086, 2.683403
-12.505052, 26.868813, 1.186207
-46.543968, -3.355054, 0.921280
-42.826485, 0.660864, 1.687713
-15.337362, -2.338266, 2.693326
23.580233, 28.664369, 0.872229
-22.451264, -20.634376, 3.209038
7.468325, 17.869269, 1.126495
-20.125470, -12.582855, 1.704044
-33.760250, -0.226511, 1.183670
45.470965, -4.705305, 1.241835
37.629022, -13.878965, 1.436064
-40.948681, 20.941883, 0.198239
-47.753197, -15.665383, 0.582652
-33.483552, -31.034280, 0.639788
-4.047358, -20.842364, 3.181876
-39.639689, 3.772093, 0.439918
-37.991414, 21.685618, 3.082031
-45.805977, 0.052251, 0.969800
18.295163, 1.812668, 1.130197
2.476419, 30.856397, 1.183297
-18.363827, -15.046504, 2.694010
-13.530532, -3.695947, 0.393664
33.384404, 25.415676, 0.579327
11.233110, -1.893490, 1.271429
-41.219352, -14.112484, 2.528538
-1.263302, -26.523723, 1.450330
44.581882, -19.408342, 1.628293
-42.150465, -14.305420, 0.358063
-28.236235, -23.359617, 1.067164
20.434187, 12.297304, 3.733634
-26.336389, -17.399164, 2.012145
-33.406572, -9.083354, 2.401868
-11.803647, 21.364253, 2.385020
-48.426072, 22.034550, 1.434768
-27.109219, 31.031587, 1.167238
-29.747853, -20.774954, 0.369788
10.461198, 19.113933, 2.028058
41.589935, 2.837047, 1.971464
8.718596, 27.345864, 1.508944
12.293526, 2.482025, 0.613378
11.829606, -29.615338, 1.621800
-25.260915, 13.861198, 1.457530
31.383457, -27.711977, 1.840579
-49.722921, 4.041192, 0.194774
-35.891361, 20.206743, 1.250404
26.561916, -1.232620, 2.512981
20.903669, -21.487683, 1.091128
-38.833589, -3.707545, 1.522557
-14.974523, 0.160086, 0.995378
-0.385613, -7.069593, 1.466841
28.628139, -11.475723, 0.220367
-0.335967, 30.840822, 0.907936
7.069114, 32.014671, 0.387855
4.946194, 20.497861, 1.887772
4.136736, -27.609329, 0.746500
12.143294, -4.482944, 1.496986
